[image6.jpeg]
filters=finetune2=1,0.000000,0.000000,0.297544,00000000,-0.064327;
moddate=9742ce21a172d401
width=1920
height=1280
textactive=0
